,Open,High,Low,Close
0,0.1126016030050935,0.11186215216503272,0.11216592793138715,0.11211059216410435
1,0.11105235609525552,0.11080807223009714,0.11079665683604767,0.11104879125117052
2,0.1106981207467418,0.11051078006935634,0.11077532631249326,0.11116535453991602
3,0.1107603666469237,0.11030195038986715,0.1107836282221672,0.11096840337189352
4,0.11089850348582037,0.10975094581862399,0.11041511930640863,0.11032230575403322
5,0.11075612861373949,0.1100036920768994,0.11017211435161385,0.11003738636080233
6,0.10983902563333091,0.10933615912582677,0.10965961436814449,0.10971978710359218
7,0.10987574497719665,0.10935527545209184,0.10946192934398437,0.10970417407543764
8,0.10941374154029569,0.1090678118958634,0.10919355697146627,0.10943829206897136
9,0.10935074106094979,0.10879778734541351,0.10910233609941541,0.10934221489216983
10,0.10924366881567342,0.10855714117405696,0.10903644755190153,0.10895585582021874
11,0.10897508933977262,0.1083937214993776,0.10863410839481737,0.10876830945688493
12,0.10875741961597486,0.10827973822334085,0.10836282147650865,0.10858160365927319
13,0.10852373622171133,0.1080413446522454,0.1082052353047439,0.10843120279096675
14,0.10833833193002337,0.10792176561394043,0.1080063160924989,0.10824668109547989
15,0.10814935845640819,0.10770145271832277,0.10782933832631657,0.10806253209877278
16,0.10811932969103973,0.10758242517394839,0.10777936253169448,0.1079234869472154
17,0.10792896032631231,0.10744878697066686,0.10762226228304296,0.1077882412754643
18,0.10776637869631796,0.10729592777054259,0.10741193567643163,0.10763443491360271
19,0.10761048182538446,0.10710860321376946,0.10727549914896863,0.10745310946419843
20,0.10741183788642558,0.10695495579475889,0.10706643982683578,0.10729821518394878
21,0.10726392114246196,0.10676624088526333,0.10690770742126958,0.10708439421448966
22,0.10705875463820454,0.10657914983736025,0.10671965292308451,0.10690947587406992
23,0.10691214871640364,0.10644584389424283,0.10657623341717055,0.1067728127516115
24,0.10674829413231363,0.10628579764946156,0.10641660005113986,0.10661882457840646
25,0.1066032526618105,0.10612539885112324,0.10626726499234389,0.10645813831809918
26,0.1064530126099215,0.1059810857409365,0.10612427473360012,0.10632016709987777
27,0.10630254116350536,0.10582291496991923,0.10596109939804817,0.10615035257820826
